9704
4221
2211
8500
2469
9904
8374
8929
9823
8343
612
685
8950
6656
6865
9069
5118
9773
984
9154
3013
9687
4605
14
1541
9378
3490
24
2021
1298
2157
5330
6884
430
9418
1209
745
1189
5613
6732
8372
942
8459
2897
7609
500
8906
4805
6479
7730
9462
8515
6724
1883
4693
5286
7315
1405
1437
5714
9544
1735
1028
7984
803
9705
5272
5528
3404
3994
4273
2324
8486
1296
1860
8162
1366
3963
2889
3387
2662
2211
4767
9266
7877
1364
238
2879
5154
2935
9325
1148
5113
7891
5941
1663
7404
1331
7958
10
9590
9081
3033
623
6364
8995
1301
9816
4565
1134
4742
6918
2780
4697
9579
8792
2515
3739
3679
271
3578
3831
218
3184
1888
6782
7432
9113
40
4517
187
871
6704
1370
4252
6135
8383
1409
1800
5467
3645
260
5145
7088
4424
5514
2178
5982
7700
6007
5599
4527
8514
4501
1084
7412
5748
7888
8021
3732
3935
7944
270
6902
1474
8243
5044
4018
22
9218
1204
8691
2231
9285
5690
9007
8755
1
3676
2922
5984
7632
4104
3367
3298
8665
1723
8161
9133
386
6676
9577
4488
6372
2121
7329
579
1246
1736
1785
9706
9180
2960
4567
6042
3081
2721
7372
9876
2339
5249
1509
9248
5006
977
6863
372
588
6464
4031
2740
2075
4350
1984
4508
639
6947
2878
28
6082
8800
2067
2195
8601
1654
2448
3519
681
6262
9231
6532
7258
3674
6838
2092
8682
7218
7438
653
613
6305
6821
8289
5988
5673
2481
5906
6595
4323
3014
4084
920
3764
2618
5192
5328
861
2118
9662
6348
1090
9520
9338
7261
1325
5511
5675
8907
275
8174
5864
6860
4007
2605
1291
9315
7262
9412
771
8935
2195
4241
5268
8086
9532
3540
1042
522
5293
401
4958
203
2891
8294
1855
932
3411
94
2181
90
6812
1733
3435
762
3467
3421
2747
8946
9414
1776
1366
7364
7498
727
9892
6839
6528
58
9496
8654
8030
2857
9223
364
4874
730
6747
168
2437
7428
9284
9102
8245
5900
5438
9830
8643
8350
216
393
9943
926
6292
3201
6608
6447
5291
3360
1625
8052
4947
4740
6680
1013
4995
3577
8392
4356
6853
4640
2041
5857
1213
4207
4135
6347
1354
6584
6329
6904
9515
9935
2042
3334
7092
2774
7661
1346
9825
6299
2605
218
3658
4340
4451
670
1367
1818
9547
1820
2422
100
8697
4157
459
3365
1560
8329
6999
2393
8915
2866
7484
9707
1960
7824
9951
5723
9929
4105
111
5695
7541
7139
4838
9095
2919
6364
2926
2917
893
890
2805
2845
6172
3679
532
7001
1281
7760
9436
6400
1627
1526
1986
4312
4088
8340
8461
5001
9981
4905
9325
8516
5418
4521
9566
8420
956
5831
8046
5476
4197
7222
299
2482
6601
3440
8736
1394
507
134
6530
1061
9752
4138
4678
2507
2033
9481
5317
4103
2751
9901
3362
4195
4434
3186
3563
580
3034
6615
8895
3950
3210
3287
9072
1931
7722
9497
7864
8056
8428
8836
1856
7681
9713
6231
9935
5518
4157
2664
8928
5374
472
2284
4679
787
2006
6311
5493
1613
1994
6692
5898
8028
2598
4982
3467
9120
1798
3872
7268
5428
3454
9602
3631
7035
2464
3765
4229
5961
9731
7193
4037
628
9281
5677
9523
4348
7535
2191
355
5337
5202
3845
7734
8789
9008
7787
6932
826
4997
93
4555
8877
439
3288
4710
1515
7324
5276
3986
3378
11
7492
1101
8835
7072
3513
6863
2327
1332
9780
3326
7184
8396
3523
6877
9777
8304
2302
5860
7136
783
3194
5590
5163
3457
8637
9822
1289
6445
9731
7724
2547
8237
3105
6911
8435
110
9656
2227
3563
8460
2076
9757
7592
142
3750
9588
5929
5566
7015
5747
8683
5452
4173
5564
3511
3027
6747
6639
2606
7579
4836
3915
6867
1329
8696
1204
6714
3028
2242
2166
4896
433
2737
4105
3083
7378
214
4853
4643
2322
9997
7800
1106
3668
5536
9622
2840
1653
1064
1936
9489
5774
8101
360
9435
2655
8512
5588
1506
7753
8143
1489
7327
5210
3305
1001
721
8798
5642
3752
4714
9316
7209
6796
7197
159
8521
2235
6230
8286
2925
8202
2043
7215
4703
3115
3041
7567
226
9078
3955
9044
2966
6027
478
5503
4909
9718
880
7004
1500
85
163
6508
9731
3222
6452
2485
5872
3364
8153
1096
8785
1492
915
2612
9626
6491
4639
633
5558
866
5747
7263
9360
5405
4744
2168
3796
6936
4482
4659
5218
8674
6408
306
995
9439
9984
3807
9071
2297
1082
1930
7454
6343
65
6582
8285
8593
877
5637
2420
6482
1884
8369
4869
7502
9138
3581
4104
1206
2990
4491
1269
8138
3024
6335
2321
5215
6680
7347
8333
5505
8880
7388
2858
858
1229
1037
3138
8548
9794
44
2771
4395
7909
8386
2381
3991
9606
4566
2319
8489
6717
364
4557
8115
7587
9433
7380
4957
1508
4698
5377
4325
9572
3286
4047
8854
2224
7954
5375
3741
7430
6068
1997
488
2679
8938
5216
2031
1787
3627
50
7688
982
3438
7025
9270
3530
3657
4966
7713
9981
4749
660
44
3645
6353
5187
3251
4177
7675
9389
5347
5681
4070
2296
9743
1129
1713
5430
8111
1017
4020
1257
1276
4417
7705
6587
522
9516
9512
6221
2708
8154
7522
606
6047
1283
8067
2798
9912
8760
6146
6612
5567
8908
7467
9293
7320
435
6767
2118
1439
1257
5449
7788
204
4502
5525
2657
7351
2833
6716
2946
1038
2627
339
1447
5669
8526
9125
4058
3805
5422
9374
4443
4856
1166
2281
5428
5788
2157
4220
345
7782
4466
1299
3842
8993
3726
6554
620
5191
1538
1439
9292
1206
1617
6119
7078
8807
9415
1135
5725
76
5226
3430
4556
231
671
7594
1028
2355
96
7024
1143
1165
1229
9704
4277
642
656
1584
2900
4336
4006
4600
6229
9125
2811
613
8436
6381
2149
458
9681
8506
4244
5524
9053
8660
9800
629
4311
6100
6899
3731
9816
3867
7360
5250
763
4488
1637
8703
5121
5034
9381
8030
3683
5347
5513
2407
5194
334
1856
5436
156
6290
4628
159
9847
1974
623
3361
307
